25
20 15
1 3 3 4 4 3 5 5 2 5 2 2 1 2 5 4 3 2 1 1
2 5 3 5 3 1 4
2 0
3 1 4
5 0
3 1 4
4 1 4
5 1 4
4 3 1 2 2
5 2 5 4
2 1 5
1 0
2 0
2 0
5 2 3 1
5 3 2 4 1
1 20
2
2 1 1
1 4 3 2 2 2
1 1 2
2 3 1 3 2
2 2 2 2
1 0
3 3 3 2 3
2 3 3 2 1
2 1 3
3 2 2 3
1 3 1 3 3
3 2 3 1
2 1 3
3 1 2
1 0
1 1 3
2 1 1
1 2 2 2
3 4 1 3 1 2
1 0
3 3
1 1 1
1 0
1 0
1 0
3 19
1 1 1
1 0
1 0
1 0
1 0
1 0
1 0
1 1 1
1 1 1
1 1 1
1 1 1
1 1 1
1 1 1
1 1 1
1 1 1
1 1 1
1 2 1 1
1 2 1 1
1 2 1 1
1 2 1 1
1 1
2
1 1 1
1 1
2
2 0
1 20
2
2 1 1
3 2 3 2
3 1 2
1 1 2
1 1 1
3 1 2
1 3 3 2 2
2 1 3
2 1 3
1 3 3 1 2
2 2 1 2
2 1 3
1 0
2 2 3 1
1 0
2 1 3
3 0
1 1 3
1 1 2
3 2 1 1
1 20
5
4 1 11
1 1 4
20 1 1
9 2 9 20
17 1 9
8 1 17
10 3 13 13 8
12 1 10
2 1 12
15 3 9 18 2
3 2 7 15
18 1 3
6 1 18
19 2 15 6
7 1 19
14 1 7
11 2 12 14
13 2 8 11
16 1 13
5 1 16
10 20
1 2 3 4 5 6 7 8 9 10
7 0
6 1 6
8 1 8
5 0
9 0
4 0
10 1 10
9 1 9
8 0
3 0
10 0
2 1 2
3 1 3
6 0
1 0
1 1 1
2 0
5 1 5
4 1 4
7 1 7
3 20
4 4 1
2 1 1
1 1 4
3 1 2
3 0
4 0
2 2 1 1
2 2 4 3
2 0
4 1 2
2 2 2 1
2 3 1 1 2
4 1 2
2 0
3 1 1
3 1 2
2 4 3 3 2 4
1 3 2 4 1
2 3 3 2 3
4 0
2 1 2
2 13
2 2
2 2 2 2
2 0
2 0
2 0
2 1 2
2 0
2 0
2 0
2 1 2
2 1 2
2 3 2 2 2
2 1 2
2 1 2
2 9
13 13
13 1 13
13 1 13
13 1 13
13 0
13 2 13 13
13 1 13
13 1 13
13 0
13 0
23 5
4 1 4 2 4 3 4 1 4 3 2 2 2 4 1 2 2 1 2 2 1 1 2
3 1 2
4 0
3 1 4
3 2 4 3
3 2 1 3
2 20
19 14
13 1 4
19 4 19 15 1 5
14 1 7
4 1 12
17 1 20
16 2 13 19
3 3 3 9 14
18 2 3 6
6 2 18 13
15 1 2
8 1 17
10 2 8 8
11 2 9 16
7 3 3 8 11
1 4 6 6 19 10
20 2 12 18
2 2 5 3
12 1 16
9 2 1 1
5 1 15
3 20
2 1 2
3 0
2 0
1 2 1 3
1 3 3 1 3
3 1 3
1 1 2
1 2 1 3
3 1 3
2 1 2
1 4 2 2 2 1
1 1 3
3 1 1
2 2 1 3
3 0
2 0
2 1 1
2 2 3 3
2 3 3 3 1
1 2 2 1
2 0
1 1
2
1 3 1 2 3
1 2
2
2 0
2 1 2
1 1
2
2 3 1 2 3
3 15
2 2 3
3 0
3 0
1 1 3
1 1 2
3 2 3 3
1 0
1 1 1
3 1 1
2 1 2
2 1 3
2 1 2
3 2 1 3
1 2 1 3
3 3 2 1 1
3 0
1 4
1
1 0
1 2 1 3
2 0
3 1 2
1 10
5
6 4 1 4 2 5
4 2 2 2
5 4 1 4 2 2
5 4 2 2 1 6
1 2 5 6
4 6 6 5 4 5 4 3
3 2 1 3
3 7 4 2 3 2 6 1 1
6 5 5 2 2 1 1
3 3 2 3 4
3 10
2 2 1
1 3 1 1 1
2 0
1 2 2 2
2 1 2
2 1 2
1 0
1 0
1 2 1 2
2 3 2 2 2
2 2 1 2
2 15
1 3
2 2 1 2
3 1 1
3 1 3
1 3 3 2 1
3 2 2 3
2 2 1 1
2 1 3
1 0
3 2 2 1
2 2 1 3
3 0
2 2 1 3
2 1 1
3 1 2
3 1 1
3 5
2 2 2
2 1 2
2 1 2
1 2 2 1
1 0
2 2 1 2
3 20
2 4 4
4 0
2 0
2 1 3
1 1 1
1 0
2 1 3
3 1 4
4 2 3 1
3 0
1 2 2 3
4 2 1 4
3 1 2
3 2 2 1
4 3 4 3 2
3 4 2 1 3 4
1 2 4 2
3 1 4
3 0
4 1 1
4 2 4 2
