25
1 20
4
4 0
2 1 3
3 1 2
2 0
1 4 4 2 4 3
1 2 4 4
2 0
4 0
2 0
1 1 1
2 4 1 1 3 1
4 0
1 1 2
1 2 1 1
2 5 4 2 3 3 2
4 1 4
3 3 1 4 1
4 1 1
3 0
4 1 2
1 2
2
2 0
2 1 2
2 13
2 2
2 1 2
2 1 2
2 0
2 1 2
2 3 2 2 2
2 0
2 0
2 0
2 1 2
2 2 2 2
2 0
2 0
2 1 2
1 1
2
2 3 1 2 3
1 4
1
1 0
1 2 1 3
2 0
3 1 2
1 20
3
2 0
2 3 2 2 3
3 1 3
2 1 2
2 2 2 2
2 1 2
1 1 2
2 1 1
3 1 3
3 1 3
3 2 1 1
1 2 1 2
3 1 2
1 2 1 2
1 0
3 1 3
2 1 1
1 2 2 3
1 2 2 2
2 1 2
3 20
16 7 13
10 2 9 8
16 1 3
18 2 6 17
12 1 19
6 2 11 10
9 1 4
8 1 2
14 3 10 1 4
13 1 11
7 1 5
2 2 19 7
20 3 6 12 20
15 3 16 5 6
11 2 16 20
4 2 6 18
5 4 13 14 19 3
19 3 10 3 15
1 1 16
17 1 13
3 1 9
1 20
2
2 1 2
1 0
1 4 3 2 2 1
2 2 2 3
1 1 2
2 4 3 1 2 3
1 0
2 0
2 2 3 2
2 3 2 3 1
3 2 3 2
1 2 3 1
1 2 3 2
2 1 1
3 3 3 1 3
1 1 3
1 1 2
1 2 1 3
3 2 2 1
2 1 3
3 20
11 19 15
2 1 18
8 2 5 2
12 2 19 8
18 1 12
17 1 18
19 1 17
6 2 17 19
1 1 6
5 1 1
14 2 14 5
11 1 14
20 3 10 11 17
9 1 20
16 1 9
13 1 16
10 1 13
7 2 3 10
4 1 7
3 1 4
15 1 3
3 3
1 1 1
1 0
1 0
1 0
23 5
2 1 2 3 3 3 1 2 4 3 3 1 4 2 3 3 4 3 4 1 3 4 4
1 0
1 5 3 4 1 2 1
1 0
1 0
3 1 3
2 9
13 13
13 1 13
13 0
13 0
13 0
13 2 13 13
13 1 13
13 1 13
13 1 13
13 1 13
1 1
2
1 1 1
3 20
1 3 3
1 2 3 3
2 0
2 0
3 0
2 3 1 1 3
2 1 2
2 4 3 3 3 3
2 1 1
1 0
1 3 2 3 3
2 1 2
2 1 1
3 1 3
2 2 2 3
3 0
2 1 3
2 2 1 3
2 2 2 1
3 2 2 1
1 1 2
3 5
1 2 2
1 0
1 4 1 1 1 2
1 0
2 0
2 2 2 2
10 20
1 2 3 4 5 6 7 8 9 10
2 0
5 1 5
3 0
4 1 4
1 1 1
5 0
10 1 10
6 1 6
8 1 8
2 1 2
7 1 7
9 1 9
6 0
4 0
3 1 3
9 0
1 0
10 0
7 0
8 0
1 15
3
2 0
2 0
3 2 2 2
1 2 2 3
3 2 3 1
2 0
2 1 3
1 2 3 2
3 0
2 1 2
3 3 1 1 2
2 2 3 2
2 1 1
1 2 1 2
2 0
1 1
2
2 0
2 20
4 2
4 1 1
2 2 1 4
3 1 1
1 1 2
2 1 3
1 2 1 3
2 4 3 3 2 4
4 1 1
1 1 4
2 0
1 1 4
2 2 3 4
2 0
4 1 2
4 2 1 4
3 1 1
3 1 4
4 4 3 4 3 4
4 1 2
4 1 4
1 15
3
3 2 3 3
2 0
2 2 3 1
2 1 2
1 2 3 1
3 0
2 0
3 0
2 1 2
3 1 2
1 3 1 1 1
1 2 3 3
3 0
1 3 2 1 1
3 0
4 10
6 5 5 5
3 5 5 5 4 3 1
6 2 1 5
6 6 3 3 5 1 3 2
2 0
2 1 4
2 1 2
5 1 1
3 3 3 6 6
6 3 6 6 1
4 5 1 1 2 6 3
1 1
2
1 3 1 2 3
3 10
2 2 2
1 0
1 1 2
2 1 1
1 1 1
2 2 2 1
2 1 1
1 1 1
2 4 1 1 2 2
2 2 2 2
1 1 2
3 19
1 1 1
1 0
1 0
1 0
1 0
1 0
1 0
1 1 1
1 1 1
1 1 1
1 1 1
1 1 1
1 1 1
1 1 1
1 1 1
1 1 1
1 2 1 1
1 2 1 1
1 2 1 1
1 2 1 1
20 15
2 1 4 3 2 3 5 2 5 1 3 4 3 3 1 3 5 4 2 3
2 2 2 4
4 2 4 2
2 0
3 1 2
3 2 5 2
2 0
4 0
4 1 2
2 2 3 3
1 1 2
3 0
3 1 3
4 2 2 3
1 4 5 1 1 1
5 2 3 3
