1000
138 844
71 756
15 302
27 245
30 892
30 891
71 755
77 477
90 555
219 882
382 765
137 275
115 231
112 225
219 439
1 1000
195 391
195 615
151 303
151 419
178 357
178 497
107 657
107 656
107 658
107 721
24 49
24 85
283 567
283 744
78 483
78 482
78 484
78 651
102 414
102 413
102 415
102 532
282 565
282 989
36 498
36 497
36 499
36 569
303 607
303 706
69 580
69 579
69 581
69 660
109 900
109 899
109 901
109 967
224 449
224 719
7 57
7 56
7 58
7 72
49 777
49 776
49 778
49 783
194 782
194 781
194 783
194 863
318 637
318 747
244 489
244 788
292 585
292 829
35 680
35 679
35 681
35 767
64 129
64 139
305 611
305 649
24 220
24 219
24 221
24 276
376 753
376 913
110 908
110 907
110 909
110 943
26 536
26 535
26 537
26 601
33 138
33 137
33 139
33 210
49 420
49 419
49 421
49 513
155 311
155 579
296 593
296 652
409 819
409 841
8 533
8 532
8 534
8 557
280 561
280 964
91 183
91 263
143 873
143 872
143 874
143 875
99 820
99 819
99 821
99 887
146 293
146 524
326 653
326 973
147 295
147 556
200 401
200 410
391 783
391 833
241 483
241 690
132 534
132 533
132 535
132 773
214 429
214 494
51 103
51 147
285 571
285 580
199 802
199 801
199 803
199 875
158 317
158 534
155 311
155 386
38 522
38 521
38 523
38 563
293 587
293 686
269 539
269 920
186 750
186 749
186 751
186 758
90 181
90 198
64 987
64 986
64 988
64 995
220 886
220 885
220 887
220 897
298 597
298 641
8 918
8 917
8 919
8 975
111 681
111 680
111 682
111 697
282 565
282 914
149 602
149 601
149 603
149 771
117 717
117 716
117 718
117 822
361 723
361 908
228 457
228 608
206 413
206 744
379 759
379 949
162 654
162 653
162 655
162 935
31 355
31 354
31 356
31 359
111 223
111 439
237 475
237 499
231 463
231 846
130 261
130 426
209 842
209 841
209 843
209 985
81 855
81 854
81 856
81 893
295 591
295 796
141 570
141 569
141 571
141 752
267 535
267 994
216 433
216 704
127 514
127 513
127 515
127 621
224 449
224 585
208 417
208 599
434 869
434 940
54 714
54 713
54 715
54 748
16 70
16 69
16 71
16 110
182 365
182 610
11 611
11 610
11 612
11 671
144 289
144 452
30 511
30 510
30 512
30 590
130 261
130 441
228 457
228 637
58 625
58 624
58 626
58 738
181 730
181 729
181 731
181 816
49 99
49 144
134 542
134 541
134 543
134 772
165 331
165 433
193 778
193 777
193 779
193 870
118 723
118 722
118 724
118 800
266 533
266 908
151 303
151 603
27 729
27 731
27 804
15 560
15 562
15 572
429 930
42 150
99 819
99 821
99 994
212 660
308 749
220 881
173 697
173 699
173 894
70 234
10 186
353 884
49 114
213 644
157 474
65 845
65 847
65 980
249 998
68 571
68 573
68 696
257 952
353 730
145 585
145 587
145 827
449 929
206 549
317 769
242 739
208 783
126 306
197 793
197 795
197 880
392 850
144 435
50 790
50 792
50 801
243 972
198 443
111 915
111 917
111 950
73 152
55 467
55 469
55 552
405 828
77 476
77 478
77 546
268 882
119 481
119 483
119 627
415 944
20 134
20 136
20 179
2 628
2 630
2 667
442 909
264 722
55 132
151 481
44 278
44 280
44 348
19 179
19 181
19 221
217 873
217 875
217 928
140 338
9 263
9 265
9 266
111 680
111 682
111 885
146 589
146 591
146 835
142 295
136 830
136 832
136 872
116 710
116 712
116 915
160 645
160 647
160 685
93 310
37 818
37 820
37 824
85 707
85 709
85 892
84 341
84 343
84 435
164 408
168 521
232 644
77 643
77 645
77 703
84 267
4 554
4 556
4 560
79 209
291 671
66 269
66 271
66 354
218 592
329 865
129 521
129 523
129 552
86 715
86 717
86 784
143 577
143 579
143 589
23 827
23 829
23 890
352 1000
279 712
11 409
11 411
11 422
22 803
22 805
22 856
9 101
163 657
163 659
163 845
121 364
180 702
19 818
19 820
19 878
70 285
70 287
70 352
162 653
162 655
162 956
5 395
5 397
5 421
119 729
37 85
8 532
8 534
8 576
55 860
55 862
55 885
343 919
44 706
44 708
44 817
196 789
196 791
196 915
81 500
81 502
81 526
6 764
6 766
6 827
140 565
140 567
140 614
196 650
21 254
21 256
21 257
76 470
76 472
76 566
103 417
103 419
103 460
169 681
169 683
169 786
11 611
352 941
59 634
59 636
59 648
143 577
143 579
143 617
47 296
47 298
47 305
8 917
8 919
8 947
101 406
147 593
147 595
147 703
43 566
86 630
149 837
419 926
58 284
390 947
290 748
169 570
109 550
162 521
38 321
49 539
167 701
28 938
186 504
228 507
166 465
21 483
248 796
199 644
218 801
61 275
9 107
102 597
205 917
218 676
86 898
236 996
169 471
67 291
485 985
77 981
150 583
334 931
81 304
290 867
283 615
23 944
478 982
283 715
89 400
333 870
74 313
67 907
59 592
167 424
117 574
24 530
195 823
2 909
136 944
22 341
20 799
169 818
317 890
19 864
78 905
368 838
88 572
52 569
125 806
381 903
190 518
36 928
289 718
353 877
97 883
424 958
29 868
223 585
226 959
19 133
76 573
39 335
251 957
313 955
6 23
39 423
22 232
68 900
4 711
397 956
49 810
67 900
8 284
184 890
27 648
301 841
87 440
164 880
327 951
235 589
101 315
345 939
18 407
79 764
65 469
40 86
479 977
390 888
426 1000
67 912
340 692
105 969
258 754
23 293
82 515
305 764
109 536
184 623
89 370
169 947
78 442
37 754
426 905
434 969
80 763
129 600
20 531
131 616
336 736
282 779
349 997
78 189
6 811
407 815
57 768
69 245
113 411
256 614
263 712
281 692
55 200
178 837
302 690
6 972
373 939
115 595
199 429
147 738
43 504
375 966
145 517
412 911
196 788
174 503
139 386
26 367
240 891
293 974
16 240
172 783
233 643
335 779
247 795
142 632
109 482
209 622
139 423
252 856
82 939
104 821
89 741
304 713
136 778
400 852
252 929
238 593
207 538
235 705
40 878
241 941
405 944
233 926
87 797
11 871
159 777
302 854
114 533
110 938
54 121
41 910
119 249
298 782
115 333
46 744
58 997
208 827
424 895
132 827
459 929
92 795
179 625
149 746
41 450
156 753
189 647
150 443
1 556
70 353
86 427
48 664
139 936
185 692
284 723
188 482
389 933
75 731
345 818
213 761
274 975
147 575
126 579
152 499
84 892
98 652
201 852
252 819
49 807
21 360
60 919
181 739
341 946
125 841
228 494
16 556
95 599
121 840
145 298
423 905
154 864
52 694
6 109
289 921
130 332
228 612
212 699
72 912
3 276
366 798
130 499
144 312
83 875
348 946
125 639
313 786
4 920
307 731
15 711
150 609
161 731
40 643
109 380
191 422
281 719
8 944
7 624
161 766
108 729
463 992
177 496
278 694
74 509
146 658
155 469
215 981
118 902
122 888
153 359
411 885
212 997
161 890
168 355
85 659
206 898
335 685
214 605
197 402
259 908
70 770
273 722
60 246
32 79
182 567
180 934
66 379
12 665
260 537
15 237
115 465
282 567
63 626
95 610
23 253
74 951
82 494
118 631
91 684
63 334
190 977
158 665
65 480
255 519
141 410
263 990
84 295
179 867
273 850
50 904
217 888
177 515
6 994
140 454
132 958
437 883
19 103
8 977
138 431
81 302
160 773
419 955
196 867
91 973
221 575
38 637
211 904
342 969
24 226
37 994
101 694
335 971
150 564
268 889
388 983
70 176
48 290
200 801
92 922
369 948
132 792
234 747
175 941
71 368
195 778
102 492
12 628
35 622
100 531
5 41
146 432
59 513
422 853
11 370
403 995
96 385
269 882
182 471
38 478
154 902
67 211
163 877
52 866
15 885
224 773
260 593
117 827
174 481
140 554
49 471
221 969
111 293
321 832
65 155
200 529
171 621
201 566
7 36
22 890
414 879
160 384
31 704
91 928
153 928
252 940
173 787
398 847
127 338
126 704
16 380
4 760
73 156
37 781
385 781
125 951
118 624
120 374
316 718
323 774
354 951
193 946
213 630
182 928
72 827
147 666
63 477
53 511
177 590
28 160
10 92
388 838
90 351
294 941
113 303
141 970
70 288
119 359
78 660
236 523
188 595
167 632
236 641
195 611
43 387
59 489
220 473
58 848
129 821
50 373
274 640
226 561
27 350
223 791
131 397
226 684
177 397
51 551
209 953
299 713
32 670
307 820
202 917
1 380
326 798
63 895
220 778
158 789
58 986
15 156
355 985
332 763
147 484
185 916
68 555
171 609
18 486
18 300
98 749
227 539
197 678
159 322
166 698
436 964
17 649
110 651
337 943
13 346
91 235
90 977
113 237
177 591
95 901
23 726
